49899 53557738
49899 47809485
49899 44212462
55424 3692672
55424 47809485
55424 44212462
55424 101747664
55424 442643
55424 4172919
55424 29389722
126710 35901700
126710 47809485
188019 144314922
188019 1867150
192908 12018081
192908 34773531
192908 2531829
192908 47245606
290863 274091793
290863 202154966
290863 8951065
290863 284111163
290863 263407996
335821 81934307
335821 245595011
442643 55424
442643 78558920
472743 9669114
591679 231776460
697921 82592621
796932 12018081
796932 127452421
796932 79986983
853427 85956644
988339 4263960
1006055 99792450
1017822 288765707
1059258 2260475
1210049 99792450
1219473 11394096
1219473 47043833
1219473 6550858
1228157 237509707
1228157 53180371
1228157 47809485
1228157 108390142
1328253 3692672
1437686 36603176
1437686 20429628
1478217 15595157
1530857 196086492
1530857 64001095
1530857 140749481
1530857 73411466
1530857 135513706
1530857 31448524
1530857 76412781
1530857 167811082
1530857 251754615
1530857 238440499
1530857 248685591
1530857 15618488
1530857 280606903
1530857 212804250
1530857 41282651
1530857 185720956
1537485 249393371
1566952 22108705
1580114 85956644
1616097 172942792
1711528 285623291
1880245 12018081
2153870 180804594
2229518 78558920
2260475 1059258
2331025 40438557
2451515 217395288
2451515 134479572
2451515 21041638
2531829 23886497
2531829 34001669
2531829 192908
2531829 268751313
2531829 197085682
2531829 244096541
2579843 2079790
2910209 27241256
2910209 147106841
2910209 13350158
2943479 6708282
3242160 244623077
3242160 163482483
3242160 46099830
3242160 121294488
3242160 22652795
3273919 166761382
3298586 41136389
3487762 3692672
3487762 18570688
3549687 147388133
3616926 262174465
3658149 3692672
3658149 24277378
3658149 7273617
3658149 173028882
3658149 34773531
3658149 23551390
3658149 165728928
3658149 85956644
3658149 43554497
3658149 99792450
3658149 17598661
3658149 160486854
3658149 88192602
3658149 281530332
3658149 230686304
3658149 215817189
3658149 21041638
3658149 39783271
3658149 38750958
3658149 108390142
3692672 55424
3692672 3658149
3692672 78558920
3692672 3487762
3692672 10665490
3692672 4172919
3692672 1328253
3731925 7636434
3731925 191044109
3739139 12018081
3826158 43748199
3915853 78558920
3915853 10570505
3915853 14827674
3915853 81934307
3926127 88444969
4084474 160296559
4142198 259777051
4155085 146084983
4172919 55424
4172919 3692672
4172919 146607104
4172919 143632774
4172919 35395345
4172919 10665490
4172919 4263960
4172919 4115737
4172919 29389722
4172919 11593884
4172919 23551390
4172919 12058399
4172919 207059358
4172919 13826977
4172919 27811617
4172919 29728035
4172919 88444969
4172919 70360770
4172919 61947587
4172919 78558920
4172919 47809485
4172919 101747664
4172919 142216534
4172919 39933019
4172919 153361759
4172919 244623077
4172919 21175912
4172919 5574382
4172919 122282996
4172919 19201398
4172919 139651066
4172919 12303996
4172919 108390142
4207343 78558920
4207343 139440692
4207343 47809485
4774473 256809815
4801540 4263960
4807883 138116917
5042627 6469853
5167616 229930729
5300533 1968392
5309480 42497628
5399438 274091793
5399438 256809815
5601808 12018081
5704643 207761633
5704643 13753627
5704643 5367700
5966218 226602436
6282062 140943625
6282062 7933282
6461582 78558920
6550858 78558920
6550858 1219473
6550858 35901700
6650005 78673146
6706688 7514816
6706688 181036034
6706688 20052356
6706688 17704901
6706688 85956644
6706688 10911657
6706688 249393371
6708282 2943479
6794224 5534941
7008408 289842753
7080384 172082169
7192391 206238196
7273617 3658149
7514816 6706688
7558770 198158457
7558770 274091793
7683480 12018081
7683480 19525477
7733105 159165032
7733105 10793129
7733105 14171212
7733105 10665490
7733105 100696474
7733105 40592188
7733105 12058399
7933282 28506578
7933282 170039253
7933282 6282062
8494715 14827674
8695805 246118605
8695805 248518007
8832920 156011714
8832920 152334982
9286793 63132057
9286793 11561746
9563619 14058309
9601779 63132057
9652351 27286969
10236067 17796065
10570505 3915853
10597592 117825834
10597592 269638539
10597592 292909015
10705417 78558920
10705417 88444969
10705417 32138933
10793129 20172752
10793129 7733105
10793129 172841591
11333747 93063844
11333747 51039583
11333747 22023055
11415081 184303787
11415081 46099830
11561746 9286793
11561746 12018081
12018081 177988737
12018081 210653442
12018081 3739139
12018081 796932
12018081 34001669
12018081 28327558
12018081 279908357
12018081 293967370
12018081 192908
12018081 59098125
12018081 286077453
12018081 118134415
12018081 5601808
12018081 290286988
12018081 11561746
12018081 252040083
12018081 236135701
12018081 4874263
12018081 7683480
12018081 244096541
12018081 23886497
12018081 31863720
12018081 56765608
12018081 217224106
12018081 247514664
12018081 1880245
12018081 52452661
12018081 26543546
12018081 152240317
12018081 220354242
12018081 51787845
12018081 142006728
12018081 241032137
12018081 169224779
12018081 255399249
12018081 21219155
12018081 200406611
12018081 31279317
12018081 24096860
12018081 245860576
12018081 50105188
12018081 122252004
12018081 18009702
12018081 147202277
12018081 151549924
12018081 82161385
12018081 135513706
12018081 203273195
12018081 215817189
12018081 75514861
12018081 276478181
12018081 197085682
12018081 202845813
12018081 172082169
12018081 88986362
12018081 185720956
12018081 244632957
12136951 30139526
12303996 78558920
12303996 108390142
12303996 4172919
12707194 24277378
12707194 249393371
12707194 96983178
12871248 40690624
12871248 15656779
12871248 279908357
12998099 2678459
12998099 85250165
13148190 212354319
13186511 50608430
13451569 134328031
13451569 17248487
13536936 142006728
13753627 207761633
13753627 24277378
13753627 5704643
13753627 140943625
13753627 79938122
13753627 206743675
13753627 88192602
13753627 34773531
13818951 137631693
13826977 83035304
13826977 88444969
13826977 47809485
13826977 220734384
13826977 4172919
13826977 29389722
13826977 41955003
13826977 281530332
13826977 108390142
14072582 172841591
14171212 7733105
14171212 10665490
14356716 49766622
14558020 77881016
14638120 139651066
14827674 8494715
14827674 3915853
14914192 197085682
14971335 8584064
15102271 98636038
15133627 45917311
15449382 11593884
15618488 1530857
15618488 238440499
15618488 3092158
15656779 12871248
15937337 23135657
16109267 24096860
16234318 90272383
16301356 53557738
16440666 152334982
16493008 78558920
16637444 25789763
16707392 2079790
16899417 8838769
16899417 88444969
17598661 108390142
17598661 173028882
17598661 3658149
17598661 23551390
17666771 34773531
17666771 3881590
17899053 11304088
17929816 4045098
18009702 12018081
18323335 131640936
18343022 89947529
18570688 3487762
18680187 279908357
18757963 81922647
18847094 220354242
18847094 297413847
19021471 139390119
19458808 80240896
19525477 7683480
19887879 72894891
19887879 146459022
20052356 6706688
20328680 20868636
20516554 71516146
20516554 273894093
20672226 109083619
20672226 147471181
20672226 49460359
20801645 6204991
20868636 20328680
21041638 24277378
21041638 3658149
21041638 96128437
21041638 291425621
21041638 2451515
21041638 68077916
21175912 108390142
21175912 4172919
21535687 194408391
21786363 161902340
22050787 17332257
22108705 1566952
22108705 218311232
22259425 207059358
22259425 54617951
22618277 245364616
22618277 199935851
22618277 173651115
22629989 77226801
22629989 140943625
22652795 3242160
22652795 99792450
22652795 90009037
22652795 55585837
22880733 279908357
23032334 44212462
23135657 15937337
23551099 197085682
23551390 146607104
23551390 43554497
23551390 24277378
23551390 220354242
23551390 85956644
23551390 17598661
23551390 3658149
23551390 198439812
23551390 88444969
23551390 47809485
23551390 256809815
23551390 20172752
23551390 4172919
23551390 4263960
23551390 32729756
23551390 108390142
23771795 59051665
23964958 172082169
23964958 223031167
24277378 247815172
24277378 92462599
24277378 22023055
24277378 173028882
24277378 34773531
24277378 13753627
24277378 201488155
24277378 182036638
24277378 23551390
24277378 85956644
24277378 3658149
24277378 287672366
24277378 180087359
24277378 99792450
24277378 220354242
24277378 89482569
24277378 233961545
24277378 301753290
24277378 248969421
24277378 190926330
24277378 155986772
24277378 160596575
24277378 245860576
24277378 215817189
24277378 21041638
24277378 120153070
24277378 12707194
24277378 51243517
24277378 108390142
24541423 164528900
24541423 151549924
24541423 51787845
24541423 79986983
24541423 112321640
24541423 197687794
25585557 8081677
25789763 16637444
26425309 154116970
26647902 24096860
26647902 109302284
26647902 184693300
26680004 3092158
26796931 185285636
26884473 94934727
27241256 2910209
27241256 7518740
27241256 13350158
27286969 93581558
27286969 9652351
27566715 228014816
27566715 288146851
27566715 246118605
27566715 22023055
27566715 110949714
27566715 121283187
27566715 248518007
27566715 249393371
27566715 293030972
27585411 139651066
28506578 7933282
28760133 36625061
29352300 78558920
29352300 89378547
29352300 95385815
29706152 244096541
29728035 152665953
29728035 47809485
29728035 139286992
29728035 4172919
29728035 108390142
30068124 100004544
30365161 230686304
30365161 142216534
30522826 24652868
31279317 12018081
31337790 57315313
31452125 20429628
31863720 12018081
31876066 212081360
31876066 38406116
31876066 50608430
31876066 256809815
31909901 28327558
32053962 17825114
32053962 75072223
32138933 10705417
32368662 28327558
32729756 152665953
32729756 85956644
32729756 78558920
32729756 88444969
32729756 149095755
32729756 269638539
32729756 47809485
32729756 182921909
32729756 142216534
32729756 62173051
32729756 41955003
32729756 23551390
32982565 40690624
32982565 274091793
32982565 229921674
32982565 202154966
32988611 161453625
33240469 63675044
33614564 134267385
33638076 180804594
33638076 185720956
34001669 12018081
34001669 151549924
34001669 279908357
34001669 248969421
34001669 197085682
34001669 2531829
34001669 63132057
34001669 24096860
34001669 172082169
34001715 66125184
34001715 188029649
34001715 279908357
34001715 28327558
34134957 41115647
34549095 51787845
34549095 266129918
34773531 24277378
34773531 99792450
34773531 3658149
34773531 39783271
34773531 92462599
34773531 179984682
34773531 206743675
34773531 192908
34773531 98391661
34773531 173028882
34773531 17666771
34773531 256809815
34773531 246178329
34773531 13753627
35338105 69639537
35338105 136740363
35338105 172556861
35395345 4172919
35596202 92463344
35775277 66732401
35901700 78558920
35901700 6550858
35901700 126710
36065815 52816768
36155837 59098125
36194424 87984515
36603176 1437686
36788483 53180371
37013495 279908357
38379039 197085682
38379039 193019741
38379039 182036638
38750958 3658149
38865481 197241095
38963180 188029649
38963180 23936556
38963180 122252004
39783271 3658149
39783271 217224106
39783271 104794064
39783271 188029649
39783271 73216885
39783271 88192602
39783271 34773531
39783271 207059358
39926127 43355081
39933019 78558920
39933019 161704628
39933019 47809485
39933019 4172919
40438557 2331025
40519889 142216534
40519889 98110718
40690624 32982565
40690624 79986983
40690624 23742536
40690624 226253193
40690624 12871248
40690624 86950078
41136389 3298586
41136389 163482483
41136389 5534941
41955003 13826977
41955003 32729756
41955003 88444969
42108409 131723775
42270269 119142050
42497628 5309480
42650910 78092884
43259303 16683657
43748199 185234936
43748199 40107557
43748199 3826158
44212462 55424
44212462 85956644
44212462 53557738
44212462 49899
44212462 47809485
44212462 23032334
44212462 153361759
44234128 173028882
44449144 238440499
44569305 203608276
45818124 194755047
45818124 166802804
45818124 22023055
45917311 15133627
45917311 47809485
45917311 38395350
45917311 180087359
46099830 3242160
46099830 11415081
47245606 90358216
47245606 53180371
47245606 192908
47738049 139390119
47809485 55424
47809485 146607104
47809485 245595011
47809485 166411527
47809485 269638539
47809485 10665490
47809485 4263960
47809485 32729756
47809485 11593884
47809485 23551390
47809485 12058399
47809485 13826977
47809485 29728035
47809485 85956644
47809485 88444969
47809485 12724016
47809485 182921909
47809485 70360770
47809485 78558920
47809485 101747664
47809485 142216534
47809485 91635802
47809485 39933019
47809485 68077916
47809485 281530332
47809485 152665953
47809485 53557738
47809485 49899
47809485 60217323
47809485 44212462
47809485 4207343
47809485 126710
47809485 4172919
47809485 139651066
47809485 1228157
47809485 108390142
47809485 45917311
49034671 31824953
49264881 269638539
49460359 20672226
49874282 75604791
50105188 12018081
50239448 249684223
50281403 288765707
50281403 151549924
50882171 144790945
51039583 11333747
51136429 134034487
51243517 24277378
51549989 274091793
51787845 12018081
51787845 210653442
51787845 220354242
51787845 151549924
51787845 279908357
51787845 34549095
51787845 271851117
51787845 118134415
51787845 24541423
51787845 197085682
51787845 172082169
51787845 24096860
51787845 244096541
51877739 238440499
51967577 216923343
52136161 152069696
52191898 66339956
52434051 274091793
52816768 36065815
52976232 266652215
53101134 185720956
53101134 279908357
53101134 3092158
53180371 139651066
53180371 36788483
53180371 47245606
53180371 84682545
53180371 3691802
53180371 1228157
53180371 108390142
53557738 17704901
53557738 49899
53557738 16301356
53557738 47809485
53557738 44212462
53557738 281530332
54471664 100696474
54617951 22259425
54691725 41115647
54728604 23723563
54794583 185720956
55585837 22652795
55657111 159657994
55818065 190009148
56765608 73498917
56765608 12018081
56765608 58539963
56765608 66315621
56790275 136628531
58539963 56765608
58539963 73498917
58585886 98344585
58885296 212638467
59051665 23771795
59907793 11593884
60522450 17825667
60522450 73216885
60522450 142216534
61947587 173028882
61947587 4172919
61947587 88192602
61947587 206743675
61947587 108390142
61951177 146607104
62173051 32729756
62173051 153868773
62225027 276478181
62225027 246118605
63132057 151549924
63132057 34001669
63132057 297026662
63132057 9286793
63132057 230597098
63132057 59098125
63132057 91266991
63132057 9601779
64001095 1530857
64001095 238440499
64001095 103308939
64481333 244623077
65078525 17825667
65948758 58108579
66125184 128223968
66125184 245860576
66125184 151549924
66125184 98636038
66125184 122627942
66125184 134755149
66125184 24096860
66125184 83095631
66125184 188029649
66125184 180804594
66125184 34001715
66125184 197085682
66125184 143023511
66125184 247227928
66125184 116764475
66125184 70062716
66315621 56765608
66339956 52191898
66887777 73216885
67026142 143658385
67723232 212442929
67723232 219023145
67927427 168905433
67951895 238440499
68077916 21041638
68077916 78558920
68077916 88444969
68077916 47809485
68077916 108390142
68349400 139390119
69639537 35338105
69793907 84739924
70062716 66125184
70807884 95056555
71516146 20516554
71516146 21329770
71722334 190735307
72446644 88444969
72622905 197085682
72894891 222229760
72894891 157058138
72894891 190926330
72894891 19887879
73070154 200406611
73074219 230686304
73074219 160376841
73074219 142216534
73216885 66887777
73216885 60522450
73216885 234873087
73216885 39783271
73411466 1530857
75072223 32053962
75223434 7518740
75604791 49874282
76412781 1530857
77797665 198772351
77881016 14558020
78092884 38406116
78092884 123920652
78092884 162631149
78092884 148540407
78092884 170923160
78092884 116884412
78092884 42650910
78092884 153361759
78558920 3692672
78558920 35901700
78558920 10705417
78558920 2229518
78558920 6461582
78558920 442643
78558920 7518740
78558920 32729756
78558920 19435043
78558920 88444969
78558920 2079790
78558920 6550858
78558920 3915853
78558920 47809485
78558920 16493008
78558920 8736124
78558920 39933019
78558920 68077916
78558920 81934307
78558920 29352300
78558920 4207343
78558920 4172919
78558920 12303996
78617567 303753221
79986983 40690624
79986983 796932
79986983 24541423
80395095 147375765
81548281 143351249
81922647 18757963
81934307 18386950
81934307 78558920
81934307 3915853
81934307 335821
81934307 922654
82592621 697921
83035304 13826977
83072850 140943625
83072850 170039253
83072850 10048135
83095631 66125184
83095631 116764475
83288132 15683838
83288132 83289886
83308195 154116970
83571662 132036551
85956644 6706688
85956644 24277378
85956644 279908357
85956644 92462599
85956644 178093705
85956644 30144523
85956644 34119822
85956644 173028882
85956644 147106841
85956644 32729756
85956644 23551390
85956644 165728928
85956644 3658149
85956644 113520293
85956644 88444969
85956644 217224106
85956644 302604588
85956644 853427
85956644 161704628
85956644 162255155
85956644 266652215
85956644 180087359
85956644 40913857
85956644 220354242
85956644 47809485
85956644 188029649
85956644 1580114
85956644 155986772
85956644 142216534
85956644 88192602
85956644 24096860
85956644 245860576
85956644 17796065
85956644 233750763
85956644 44212462
85956644 120153070
85956644 115853815
85956644 206743675
85956644 108390142
85956644 248518007
86293560 163050726
87016471 152665953
87057506 88961516
88444969 10705417
88444969 32729756
88444969 23551390
88444969 13826977
88444969 85956644
88444969 72446644
88444969 41955003
88444969 43554497
88444969 94895041
88444969 78558920
88444969 47809485
88444969 142216534
88444969 16899417
88444969 68077916
88444969 281530332
88444969 152665953
88444969 3926127
88444969 4172919
88444969 139651066
88444969 206743675
88444969 108390142
88800806 105039538
88961255 238440499
88961516 87057506
89482569 24277378
89706017 138240465
89706017 274091793
89774273 159165032
89947529 18343022
89963486 243144720
90009037 15157433
90009037 22652795
90272383 16683657
90272383 16234318
91150975 182963
91150975 5574382
91606971 32481027
91635802 47809485
91635802 144088014
91635802 101747664
91635802 202154966
91635802 126386363
91967811 153180266
91967811 26175806
92462599 24277378
92462599 34773531
92462599 85956644
92462599 134479572
92463344 35596202
93063844 11333747
94600385 288833426
94600385 134869733
94600385 213407589
94934727 26884473
96509777 146815479
96769645 238440499
96769645 186255572
96866548 160427279
96983178 260026681
96983178 12707194
98110718 40519889
98110718 113520293
98193071 26454526
98391661 78558920
98391661 34773531
98970985 78558920
99972586 52051634
100696474 54471664
100696474 7733105
100831699 156122646
101313555 62516307
101747664 55424
101747664 47809485
101747664 139286992
101747664 161704628
101747664 4172919
101747664 91635802
102308579 100478720
102487053 252040083
105039538 88800806
107184258 24262160
109302284 26647902
112080637 279908357
112321640 122252004
112321640 230597098
112321640 30627470
112321640 24541423
112321640 268751313
112321640 64026452
112406685 150429743
113520293 85956644
113520293 205770702
113520293 98110718
115853815 85956644
115924444 107320147
116764475 66125184
116764475 98636038
116764475 83095631
116884412 78092884
117825834 10597592
117825834 212186743
117825834 20172752
118134415 12018081
118134415 151549924
118134415 24096860
118134415 51787845
118332501 184185280
119266997 238440499
119590241 250965407
122252004 12018081
122252004 151549924
122252004 279908357
122252004 112321640
122252004 38963180
122282996 4172919
122627942 66125184
122627942 59098125
123920652 38406116
123920652 155779294
123920652 78092884
124196514 146313099
124409299 139390119
125710047 222754372
125832674 142216534
127653535 238440499
128179910 87374008
129616376 256809815
130133367 245660382
131723775 42108409
132350069 154116970
133407316 2079790
133423760 59842181
133598857 138925104
133772644 156644360
133916519 238440499
134325316 251225324
134479572 245860576
134479572 279908357
134479572 166411527
134479572 142006728
134479572 92462599
134479572 2451515
134479572 108390142
134755149 66125184
134869733 94600385
134869733 213407589
135513706 1530857
135513706 12018081
135996589 279908357
135996589 291964430
136628531 56790275
136740363 142006728
136740363 35338105
137191243 251881613
137631693 13818951
138090956 199604835
138090956 203073854
138094976 234498638
138116917 4807883
138286386 238440499
138925104 133598857
139440692 4207343
139651066 146607104
139651066 27585411
139651066 14638120
139651066 88444969
139651066 47809485
139651066 53180371
139651066 4172919
139651066 108390142
139797851 224164051
140348678 171448952
140348678 156923139
140749481 1530857
140749481 238440499
140776107 203341387
140943625 22629989
140943625 6282062
140943625 77226801
140943625 83072850
140943625 13753627
141332656 150928752
141332656 169401681
141736126 269638539
141736126 108390142
142006728 12018081
142006728 220354242
142006728 151549924
142006728 279908357
142006728 13536936
142006728 3112969
142006728 217224106
142006728 23723563
142006728 136740363
142006728 188029649
142006728 197085682
142006728 134479572
142006728 256809815
142006728 244096541
142599497 197085682
142599497 238440499
142921950 177233967
143023511 66125184
143376932 283543016
143376932 149209574
143632774 4172919
143658385 67026142
144088014 91635802
144314922 188019
144352088 31679858
144366469 238440499
144790945 50882171
144931403 155218798
145044868 238440499
145183178 193380640
145183178 259449523
145409030 277380799
146313099 124196514
146459022 19887879
146607104 61951177
146607104 47809485
146607104 24262160
146607104 4172919
146607104 98008152
146607104 139651066
146607104 23551390
146777959 165824035
147202277 12018081
147202277 279908357
147375765 80395095
147388133 3549687
147471181 20672226
148540407 43554497
148540407 78092884
150530698 185812195
151097130 164564681
151101073 187536056
151546027 228360243
151875082 274091793
152069696 52136161
152240317 12018081
152487545 160882400
152487545 184733915
152487545 184146692
152665953 29728035
152665953 88444969
152665953 47809485
152665953 142216534
152665953 87016471
152665953 146084983
152665953 32729756
152665953 108390142
153180266 143351249
153180266 91967811
153180266 182963
153180266 26175806
153361759 12744256
153361759 44212462
153361759 78092884
153361759 4172919
153361759 108390142
153471417 297935509
153868773 62173051
154116970 1330433
154116970 2992851
154116970 166802804
154116970 132350069
154116970 26425309
155986772 24277378
155986772 99792450
155986772 85956644
155986772 247815172
155986772 230165993
155986772 274091793
155986772 206238196
155986772 94594653
155986772 207059358
156100990 16958855
156122646 100831699
156644360 133772644
156923139 140348678
159105579 169115293
159165032 7733105
159165032 89774273
159165032 148258518
159657994 55657111
160009564 43046628
160427279 41290113
160427279 96866548
160427279 47101510
160486854 177340923
160486854 3658149
160596575 24277378
160596575 266652215
160596575 13350158
160596575 256809815
160882400 152487545
160882400 185591738
160882400 184733915
161453625 180480057
161453625 32988611
161453625 287672366
161704628 85956644
161704628 101747664
161704628 139286992
161704628 162255155
161704628 39933019
161902340 21786363
162620368 219121337
163268763 179849689
163559815 139390119
163855973 181707748
163967701 166713706
164528900 24541423
164564681 151097130
164597759 279908357
164597759 82266909
165728928 85956644
165728928 3658149
165728928 279908357
165728928 178006797
165728928 274091793
165728928 142216534
165728928 256809815
165728928 108390142
165908539 135742932
166713706 163967701
166761382 3273919
166802804 154116970
166802804 72131515
166802804 45818124
167198556 171256923
167397229 116884412
167811082 268785432
167811082 1530857
167811082 238440499
167957349 155639393
168043745 163050726
168905433 67927427
169115293 159105579
169224779 12018081
169224779 277177041
169224779 279908357
169224779 256809815
169401681 141332656
170039253 7933282
170039253 83072850
170923160 78092884
171106232 276478181
171448952 140348678
171507816 202154966
172082169 7080384
172082169 12018081
172082169 220354242
172082169 51787845
172082169 34001669
172082169 197085682
172082169 244096541
172082169 23964958
172346900 20501648
172556861 35338105
172556861 177989958
172841591 10793129
172841591 14072582
173651115 22618277
173964865 238440499
173964865 185720956
174464127 191902601
176412088 177989958
176412088 212219662
176549409 256809815
177233967 142921950
177340923 193380640
177340923 273877065
177340923 173028882
177340923 160486854
177462904 228154741
177988737 12018081
177988737 188029649
177989958 191044109
177989958 212442929
177989958 176412088
177989958 184733915
177989958 172556861
178093705 85956644
179421500 270558939
179647616 91635802
179984682 34773531
180464592 291366279
181036034 6706688
181121517 100004544
181707748 163855973
182036638 24277378
182036638 38379039
182921909 32729756
182921909 47809485
183406029 219023145
184146692 152487545
184146692 184733915
184185280 118332501
184303787 11415081
184693300 185720956
184693300 59098125
184693300 26647902
185285636 26796931
185430272 186347665
185574117 217537498
185591738 160882400
185720956 12018081
185720956 173964865
185720956 196086492
185720956 279908357
185720956 1530857
185720956 53101134
185720956 184693300
185720956 54794583
185720956 33638076
185720956 3092158
185812195 150530698
186255572 96769645
187536056 191507656
187536056 151101073
187536056 279908357
188029649 66125184
188029649 128223968
188029649 99792450
188029649 177988737
188029649 85956644
188029649 151549924
188029649 98636038
188029649 39783271
188029649 142006728
188029649 220354242
188029649 245860576
188029649 279908357
188029649 38963180
188029649 34001715
188029649 207059358
189473731 286025043
190009148 55818065
191044109 3731925
191044109 177989958
191507656 187536056
191518267 190926330
192294523 185234936
193019741 2916730
193019741 38379039
193380640 145183178
193380640 177340923
193380640 236467660
194755047 45818124
195567506 62229705
196352291 274880170
196733818 233750763
197085682 66125184
197085682 34001669
197085682 279908357
197085682 14914192
197085682 244096541
197085682 207059358
197085682 38379039
197085682 12018081
197085682 72622905
197085682 220354242
197085682 51787845
197085682 142006728
197085682 142599497
197085682 248969421
197085682 24096860
197085682 2531829
197085682 172082169
197085682 23551099
197085682 249684223
197181981 221052752
197241095 38865481
197687794 279908357
197687794 28327558
197687794 24541423
198158457 7558770
198175006 11593884
198439812 23551390
199604835 138090956
199604835 203073854
199922323 249393371
199935851 238440499
199935851 22618277
202235914 202797562
202797562 202235914
203055188 243662417
203073854 199604835
203073854 138090956
203089250 296117964
203089250 217949390
203273195 12018081
203341387 140776107
204920461 207948971
205950679 223070060
206238196 147106841
206238196 155986772
206238196 7192391
206317206 220354242
207761633 13753627
207761633 5704643
207948971 204920461
208246470 296528267
209363215 225850840
210653442 12018081
210653442 51787845
212219662 176412088
213407589 94600385
213407589 134869733
215817189 217224106
215817189 12018081
215817189 24277378
215817189 3658149
216797047 256367771
216923343 51967577
216969879 219023145
216969879 222317979
217224106 12018081
217224106 220354242
217224106 85956644
217224106 215817189
217224106 279908357
217224106 39783271
217224106 142006728
217224106 34119822
217224106 173028882
217224106 253190548
217224106 256809815
217224106 88192602
217224106 24096860
217224106 108390142
217395288 2451515
217447202 219023145
217537498 185574117
218311232 22108705
219121337 162620368
220475219 125135531
220734384 13826977
220734384 67793453
221052752 197181981
221097106 226676961
221900522 121294488
222294854 66732401
222317979 219023145
222317979 216969879
222754372 125710047
223031167 23964958
223068608 224412768
223070060 205950679
223549548 206743675
224399934 219023145
224412768 223068608
224821373 219023145
224958177 236575713
226253193 40690624
226253193 270557269
226602436 5966218
226676961 221097106
228152501 234407421
228154741 177462904
228155772 282057552
228360243 262174465
228360243 151546027
229110866 279908357
229110866 256809815
229921674 32982565
229930729 5167616
230165993 155986772
230597098 112321640
230597098 63132057
230597098 139390119
231197769 226380840
231746749 239652459
231776460 591679
232426071 170711669
233151475 246178329
233151475 266652215
233151475 274091793
233151475 256809815
233961545 24277378
233961545 279908357
233961545 240836805
233961545 274091793
233961545 256809815
234407421 228152501
234498638 138094976
234498638 108390142
236135701 12018081
236351606 23723563
236575713 224958177
237060095 149120926
237509707 1228157
238440499 145044868
238440499 59842181
238440499 144366469
238440499 167811082
238440499 67951895
238440499 127653535
238440499 140749481
238440499 138286386
238440499 119266997
238440499 15618488
238440499 65690816
238440499 173964865
238440499 64001095
238440499 142599497
238440499 196086492
238440499 88961255
238440499 133916519
238440499 1530857
238440499 51877739
238440499 199935851
238440499 96769645
238440499 44449144
239393009 256809815
239821749 256809815
240836805 233961545
240836805 274091793
241032137 12018081
242594516 220354242
242650413 17139972
242870700 174726292
242985476 26667144
243144720 89963486
243662417 203055188
244096541 12018081
244096541 220354242
244096541 51787845
244096541 279908357
244096541 29706152
244096541 142006728
244096541 177959433
244096541 197085682
244096541 2531829
244096541 172082169
244477954 210418149
244632957 12018081
245364616 22618277
245364616 3092158
245595011 19435043
245595011 244623077
245595011 78558920
245595011 47809485
245595011 335821
245595011 249393371
246118605 156011714
246118605 62225027
246118605 276478181
246118605 152334982
246118605 22023055
246118605 27566715
246118605 8695805
246178329 34773531
246178329 256809815
246178329 233151475
247514664 12018081
247514664 151549924
247514664 279908357
247514664 256809815
247815172 24277378
247815172 155986772
248234472 3092158
248693413 206743675
248725574 173028882
248969421 220354242
248969421 24277378
248969421 151549924
248969421 34001669
248969421 197085682
250965407 119590241
251754615 1530857
251820257 279908357
251881613 137191243
252033503 167118373
252040083 12018081
252040083 102487053
252500421 279908357
252500421 266652215
254122365 279908357
255399249 12018081
256127054 297857756
256367771 216797047
256541753 7633544
256809815 5399438
256809815 291964430
256809815 274091793
256809815 173028882
256809815 76765334
256809815 246178329
256809815 34773531
256809815 23551390
256809815 165728928
256809815 176549409
256809815 247514664
256809815 217224106
256809815 27562671
256809815 239821749
256809815 266652215
256809815 289842753
256809815 99792450
256809815 220354242
256809815 224440898
256809815 142006728
256809815 4774473
256809815 233961545
256809815 169224779
256809815 229110866
256809815 142216534
256809815 300314711
256809815 160596575
256809815 31876066
256809815 151549924
256809815 57315313
256809815 66439794
256809815 233151475
256809815 239393009
256809815 129616376
256809815 108390142
257507661 296585693
258309945 274091793
258309945 304970567
259449523 145183178
259777051 4142198
262174465 289842753
262174465 279908357
262174465 191902601
262174465 228360243
262174465 3616926
263407996 290863
266129918 34549095
266652215 85956644
266652215 252500421
266652215 52976232
266652215 13350158
266652215 289643825
266652215 233151475
266652215 256809815
266652215 160596575
268104760 282511598
268314819 256224549
268785432 167811082
269638539 152633986
269638539 47809485
269638539 5574382
269638539 49264881
269638539 10665490
269638539 212186743
269638539 10597592
269638539 32729756
269638539 141736126
270557269 226253193
271851117 279908357
271851117 51787845
273498076 104144489
273894093 20516554
273894093 20868636
274880170 196352291
277177041 169224779
277380799 145409030
278735023 244239831
279908357 262174465
279908357 34001669
279908357 166411527
279908357 3613325
279908357 304222222
279908357 22023055
279908357 274091793
279908357 76765334
279908357 244096541
279908357 216644127
279908357 165728928
279908357 12018081
279908357 284070306
279908357 85956644
279908357 247514664
279908357 217224106
279908357 135996589
279908357 287672366
279908357 77825969
279908357 34001715
279908357 18680187
279908357 203051831
279908357 187536056
279908357 244349368
279908357 254122365
279908357 99792450
279908357 220354242
279908357 51787845
279908357 252500421
279908357 142006728
279908357 233961545
279908357 169224779
279908357 285565901
279908357 53101134
279908357 12871248
279908357 188029649
279908357 229110866
279908357 21219155
279908357 41763923
279908357 134479572
279908357 200406611
279908357 22880733
279908357 39908574
279908357 251820257
279908357 122252004
279908357 147202277
279908357 151549924
279908357 94837865
279908357 271851117
279908357 4958062
279908357 101402095
279908357 57315313
279908357 197085682
279908357 197687794
279908357 37013495
279908357 52198523
279908357 185720956
279908357 112080637
279908357 108390142
279908357 164597759
280606903 1530857
281530332 13826977
281530332 3658149
281530332 88444969
281530332 53557738
281530332 149095755
281530332 47809485
281530332 5574382
281530332 108390142
282057552 295017896
282057552 228155772
282879590 22023055
284015063 226271001
284070306 279908357
284111163 290863
285565901 244349368
285565901 279908357
286025043 189473731
286025043 88699223
287193611 233750763
287672366 161453625
287672366 24277378
287672366 279908357
288146851 27566715
288765707 50281403
288765707 1017822
288833426 94600385
289842753 262174465
289842753 30144523
289842753 274091793
289842753 173028882
289842753 256809815
289842753 7008408
289842753 108390142
289895382 170024732
291366279 180464592
291964430 296585693
291964430 274091793
291964430 135996589
291964430 256809815
292909015 10597592
293967370 12018081
294810381 33105633
295017896 282057552
296528267 208246470
296585693 173028882
296585693 257507661
296585693 291964430
297026662 63132057
297413847 18847094
297857756 256127054
297935509 153471417
299767612 264251093
300314711 256809815
301753290 24277378
302604588 274091793
302604588 85956644
302701950 218584465
303753221 78617567
